60
-28.5809 88.3508 77.3711
0 0
0 1 -0

29.2732 88.3508 -69.4336
1 1
0 1 -0

-28.5809 88.3508 -69.4336
0 1
0 1 -0

-28.5809 0 -69.4336
0 0
-1 0 -0

-28.5809 88.3508 77.3711
1 1
-1 0 -0

-28.5809 88.3508 -69.4336
0 1
-1 0 -0

29.2732 79.556 -69.4336
1 0.9005
1 0 -0

29.2732 88.3508 77.3711
0 1
1 0 -0

29.2732 79.556 77.3711
0 0.9005
1 0 -0

20.26 0 77.3711
0.1558 0
0 -1 -0

-28.5809 0 -69.4336
1 1
0 -1 -0

20.26 0 -69.4336
0.1558 1
0 -1 -0

20.26 79.556 -69.4336
0.1558 0.9005
0 0 -1

-28.5809 0 -69.4336
1 0
0 0 -1

-28.5809 88.3508 -69.4336
1 1
0 0 -1

20.26 79.556 77.3711
0.8442 0.9005
0 0 1

-28.5809 0 77.3711
0 0
0 0 1

20.26 0 77.3711
0.8442 0
0 0 1

20.26 79.556 77.3711
-0 0.2013
1 0 -0

20.26 0 -69.4336
0.9869 0.7699
1 0 -0

20.26 79.556 -69.4336
0 0.7699
1 0 -0

29.2732 79.556 -69.4336
0.535 0.7699
0 -1 -0

20.26 79.556 77.3711
1 0.2013
0 -1 -0

20.26 79.556 -69.4336
1 0.7699
0 -1 -0

29.2732 88.3508 -69.4336
1 1
0 1 -0

-28.5809 88.3508 77.3711
0 0
0 1 -0

29.2732 88.3508 77.3711
1 0
0 1 -0

-28.5809 88.3508 77.3711
1 1
-1 0 -0

-28.5809 0 -69.4336
0 0
-1 0 -0

-28.5809 0 77.3711
1 0
-1 0 -0

29.2732 88.3508 77.3711
0 1
1 0 -0

29.2732 79.556 -69.4336
1 0.9005
1 0 -0

29.2732 88.3508 -69.4336
1 1
1 0 -0

-28.5809 0 -69.4336
1 1
0 -1 -0

20.26 0 77.3711
0.1558 0
0 -1 -0

-28.5809 0 77.3711
1 0
0 -1 -0

20.26 79.556 -69.4336
0.1558 0.9005
0 0 -1

29.2732 88.3508 -69.4336
0 1
0 0 -1

29.2732 79.556 -69.4336
0 0.9005
0 0 -1

20.26 79.556 -69.4336
0.1558 0.9005
0 0 -1

-28.5809 88.3508 -69.4336
1 1
0 0 -1

29.2732 88.3508 -69.4336
0 1
0 0 -1

-28.5809 0 -69.4336
1 0
0 0 -1

20.26 79.556 -69.4336
0.1558 0.9005
0 0 -1

20.26 0 -69.4336
0.1558 0
0 0 -1

29.2732 88.3508 77.3711
1 1
0 0 1

20.26 79.556 77.3711
0.8442 0.9005
0 0 1

29.2732 79.556 77.3711
1 0.9005
0 0 1

-28.5809 88.3508 77.3711
0 1
0 0 1

20.26 79.556 77.3711
0.8442 0.9005
0 0 1

29.2732 88.3508 77.3711
1 1
0 0 1

-28.5809 0 77.3711
0 0
0 0 1

20.26 79.556 77.3711
0.8442 0.9005
0 0 1

-28.5809 88.3508 77.3711
0 1
0 0 1

20.26 0 -69.4336
0.9869 0.7699
1 0 -0

20.26 79.556 77.3711
-0 0.2013
1 0 -0

20.26 0 77.3711
0.9869 0.2013
1 0 -0

20.26 79.556 77.3711
1 0.2013
0 -1 -0

29.2732 79.556 -69.4336
0.535 0.7699
0 -1 -0

29.2732 79.556 77.3711
0.535 0.2013
0 -1 -0

